# smooth_method=blur sigma=3.0000 kernel_size=5 gaze_u=1960 gaze_v=777
frame,iters,E,omega_norm
1,0,0.0,0.0
2,266,1725.34117448,1.92393459e-09
3,300,1816.94388539,2.52241047e-07
4,10,1782.45524649,1.90647362e-09
5,164,1795.39423290,1.92286215e-09
6,300,1785.84614160,1.92410528e-07
7,10,1793.07654593,1.75589495e-09
8,10,1790.77783654,1.52054890e-09
9,10,1800.42762294,1.18321944e-09
10,300,1723.54364630,9.33289742e-05
11,300,1696.69909731,2.11378257e-07
12,300,1649.14896368,1.60521076e-07
13,300,1649.60907662,3.30782798e-08
14,300,1638.87501643,3.55710099e-08
15,263,1653.63743967,4.98468004e-09
16,300,1644.36849003,8.36877758e-06
17,300,1658.67971450,2.61101500e-08
18,9,1650.63987358,1.55397580e-09
19,9,1652.35036915,1.61081030e-09
20,9,1651.90291769,3.28090248e-09
21,9,1659.39241416,3.73382390e-09
22,27,1653.01166018,6.69839456e-09
23,300,1653.60573462,1.17770394e-07
24,300,1636.30393894,1.02757629e-07
25,55,1645.92205516,9.05452890e-09
26,65,1635.54722030,8.18291138e-09
27,63,1640.20551732,7.51031850e-09
28,9,1640.82524118,6.57472001e-09
29,300,1642.49501336,1.07820048e-07
30,217,1633.26831284,7.46883327e-09
31,300,1617.40434458,9.06880535e-05
32,97,1632.67703583,5.70229687e-09
33,57,1651.70915934,9.43429286e-09
34,300,1640.37447641,2.45844210e-05
35,227,1642.49679021,4.08281576e-09
36,300,1637.08649883,3.10766848e-08
37,300,1645.65843567,1.23305528e-05
38,178,1632.43209980,8.26473863e-09
39,300,1637.46432203,3.92469188e-06
40,300,1628.63044633,1.53732092e-08
41,300,1640.14090108,3.24175832e-08
42,300,1627.74592419,7.30071976e-08
43,21,1634.87125882,3.00677083e-09
44,300,1627.74784221,1.97792543e-08
45,13,1637.03755738,3.65933943e-09
46,300,1623.01290158,2.18519929e-08
47,9,1629.31701293,5.34087904e-09
48,205,1620.33118563,3.62866086e-09
49,9,1634.65476168,1.01140534e-09
50,300,1618.63690700,1.41259164e-08
51,9,1628.14795067,3.15754683e-09
52,9,1624.47224213,7.69252039e-09
53,151,1637.09522871,5.52715475e-09
54,17,1622.78800461,4.61668240e-09
55,300,1632.56513962,3.68973301e-08
56,154,1630.07512190,9.30762884e-09
57,300,1644.21650149,1.74160108e-08
58,300,1634.31453687,3.11965165e-08
59,207,1631.72715192,4.17375835e-09
60,300,1627.12371361,3.81382472e-08
61,9,1640.90623539,3.38889976e-09
62,9,1634.71065095,2.11878022e-09
63,189,1643.72144737,4.22209255e-09
64,23,1641.10848478,5.36472196e-09
65,300,1651.96351759,3.00352428e-08
66,300,1644.16402422,2.80420129e-07
67,300,1651.88750707,2.34571584e-08
68,300,1648.82112489,3.03797838e-08
69,300,1660.37771209,6.62031583e-08
70,300,1652.46456076,5.79758109e-06
71,300,1658.42763600,1.63976764e-08
72,300,1647.11346177,7.42992591e-07
73,300,1671.02038634,2.67553813e-08
74,273,1656.46795933,3.97887855e-09
75,191,1661.79897388,2.35970931e-09
76,51,1652.46621945,3.98867780e-09
77,9,1666.74417826,4.33897417e-09
78,149,1651.93570584,7.05649122e-09
79,21,1661.53199042,9.20254791e-09
80,300,1658.84394659,2.01138252e-05
81,300,1669.03717790,1.48217236e-06
82,300,1659.66033038,2.75331933e-08
83,300,1666.77392302,1.35460808e-08
84,41,1661.27753030,4.21191336e-09
85,19,1674.48367068,8.45284286e-09
86,43,1657.77953553,9.53262549e-09
87,300,1662.23151608,1.45922854e-08
88,107,1660.77603946,2.88046283e-09
89,9,1666.91342136,3.19286917e-09
90,165,1660.13017907,4.68934293e-09
91,300,1671.17607930,2.48213891e-08
92,35,1672.61304246,8.27390287e-09
93,59,1690.37770880,7.22361666e-09
94,231,1676.13725125,4.61874303e-09
95,9,1687.89953579,4.12139924e-09
96,123,1683.71501596,3.87059017e-09
97,300,1694.54472057,3.61535513e-08
98,27,1691.20056651,7.46973098e-09
99,33,1699.87984199,6.88558152e-09
100,300,1650.40637763,2.20861721e-04
101,300,1559.84765443,4.31365536e-05
102,300,1514.59650066,3.83858529e-05
103,300,1542.16566078,1.17222147e-07
104,155,1535.51741714,2.27830483e-09
105,300,1545.58502014,1.22532224e-08
106,191,1534.95839582,3.32048327e-09
107,39,1540.88344097,3.26951678e-09
108,247,1534.43292038,3.53337983e-09
109,300,1540.09324120,1.10472431e-08
110,300,1520.47516487,2.48747075e-08
111,300,1529.33001619,1.08389245e-08
112,300,1525.30650766,3.46220436e-07
113,300,1536.98473214,1.47422266e-07
114,300,1525.57763769,5.01708278e-06
115,300,1533.93101155,3.13453460e-06
116,300,1532.52922904,3.16602243e-08
117,300,1539.00293312,1.35186793e-08
118,300,1528.49392622,8.49456983e-06
119,23,1532.60718827,5.13014837e-09
120,15,1528.67214451,3.36291424e-09
121,300,1536.42871396,2.12856471e-07
122,300,1526.88662842,1.73626470e-08
123,300,1533.17003729,1.75911432e-08
124,300,1526.59519190,5.10158894e-06
125,43,1535.98608693,3.67587422e-09
126,300,1519.58001862,1.92726011e-07
127,300,1523.72474158,1.79676896e-08
128,300,1523.52095956,1.28321388e-06
129,300,1535.72931743,1.71123820e-07
130,300,1529.12866611,2.35639226e-08
131,300,1538.51743486,7.12526591e-08
132,9,1538.69365327,4.07495477e-09
133,19,1553.52926729,4.10864477e-09
134,15,1541.33716225,2.83717564e-09
135,300,1549.44972354,1.01124187e-08
136,300,1546.23427384,1.86859711e-08
137,300,1563.49074005,1.86348708e-07
138,300,1553.76800589,1.95159654e-06
139,21,1561.01779192,2.60972462e-09
140,65,1555.46183587,4.87072505e-09
141,25,1562.91607764,4.62940805e-09
142,300,1551.84344736,3.34759451e-08
143,300,1558.27693079,3.05131707e-06
144,300,1555.41351484,7.48968005e-08
145,300,1566.66555856,1.66319100e-08
146,300,1556.38699420,1.11524329e-08
147,300,1565.56133884,7.43019907e-06
148,300,1551.68206909,1.81750269e-06
149,300,1566.73377060,1.79268197e-08
150,300,1559.67438915,2.71745689e-08
151,9,1568.76448758,2.84703985e-09
152,27,1565.33490119,5.44529724e-09
153,300,1576.99716982,1.04178712e-07
154,107,1561.11750002,6.84740207e-09
155,300,1569.87156290,2.66529338e-08
156,300,1566.72167114,2.58405801e-07
157,57,1582.89490889,2.71457379e-09
158,300,1571.07235914,2.88017257e-05
159,23,1581.82938189,1.36777120e-09
160,300,1579.00269898,4.99466831e-06
161,117,1595.29005869,1.95920628e-09
162,300,1583.51483799,1.41463051e-08
163,85,1598.41287724,2.71848657e-09
164,249,1595.74276401,4.04042484e-09
165,69,1609.76994358,8.48711746e-09
166,300,1570.35627236,1.04859472e-04
167,255,1595.39544666,7.74618866e-09
168,227,1586.74578071,5.82542783e-09
169,75,1600.10708294,6.92986740e-09
170,300,1578.37449939,3.79446391e-08
171,300,1580.07387104,1.49893827e-05
172,300,1574.21179430,1.84506455e-08
173,300,1582.43851999,5.02963447e-07
174,183,1571.17499345,4.90953628e-09
175,300,1572.84405132,3.95057336e-06
176,300,1569.79679415,1.71254432e-05
177,300,1581.55442126,2.25229230e-08
178,300,1574.20291842,3.79065622e-05
179,105,1563.72283930,6.92198179e-09
180,300,1556.52218377,1.65389806e-08
181,183,1569.82422437,3.70402373e-09
182,300,1560.07569477,1.65730942e-08
183,82,1569.68988312,5.72925429e-09
184,300,1564.56803254,4.59429559e-08
185,300,1576.71872438,2.41606638e-08
186,300,1564.49387180,7.55074878e-08
187,110,1575.15870460,7.35631792e-09
188,300,1564.87672955,3.27192160e-08
189,230,1588.50783378,3.69782302e-09
190,300,1577.94496267,3.84283192e-06
191,300,1595.29343504,1.56168976e-07
192,300,1593.56761365,2.06360276e-08
193,102,1612.39118424,8.96834552e-09
194,116,1597.10966973,8.99273780e-09
195,75,1610.31214848,3.83279945e-09
196,109,1612.43393539,5.39422889e-09
197,300,1634.47578335,1.28396699e-05
198,24,1637.45512871,1.31958242e-09
199,300,1649.03114240,1.13174023e-07
200,18,1645.42809869,1.00544954e-09
201,300,1666.25301216,1.44995625e-07
202,247,1648.82738019,5.53066663e-09
203,300,1659.80794139,1.29276847e-08
204,300,1664.39199677,6.00932648e-06
205,135,1684.16488735,4.62125266e-09
206,300,1676.53630286,2.19164217e-08
207,31,1693.61596567,3.72666696e-09
208,300,1698.04840505,7.39521931e-08
209,29,1698.80086300,1.91276190e-09
210,300,1691.82494213,1.08266617e-06
211,9,1703.34479814,3.74237312e-09
212,9,1703.40128125,6.09966279e-09
213,300,1723.63865761,7.64076462e-06
214,9,1709.93999074,5.72787394e-09
215,9,1724.84698952,1.39027646e-09
216,81,1723.42512092,5.27163722e-09
217,300,1743.83769105,3.08407236e-06
218,300,1732.52924422,1.12789668e-07
219,300,1743.53436459,1.02553593e-07
220,51,1738.94097948,6.86795896e-09
221,300,1759.94331569,1.92704664e-08
222,300,1734.77541742,1.32745370e-08
223,165,1758.54169019,8.21093398e-09
224,149,1751.14312486,5.82670538e-09
225,27,1771.80939948,8.18982915e-09
226,167,1750.79320650,5.22060530e-09
227,300,1764.16551206,2.32776371e-07
228,300,1746.27102954,1.92737017e-07
229,300,1770.58175097,1.30799660e-07
230,300,1747.49825205,1.97572500e-07
231,300,1737.80590168,1.32511397e-07
232,27,1728.26764221,8.49970766e-09
233,21,1748.96989217,6.95174017e-09
234,300,1724.96440396,2.18464934e-07
235,60,1730.07278122,1.65843067e-09
236,9,1712.96356235,2.91492300e-09
237,39,1743.51659113,1.78727893e-09
238,57,1726.48037971,2.97668833e-09
239,152,1738.16056453,8.39494684e-09
240,300,1732.39564076,1.60823607e-08
241,222,1752.03322290,3.04670537e-09
242,300,1728.99124896,1.01708256e-08
243,11,1743.94121130,5.64884769e-09
244,37,1735.36640920,6.88794731e-09
245,136,1747.27544269,7.50055987e-09
246,49,1732.25612876,4.59990765e-09
247,85,1745.25300573,2.40415612e-09
248,300,1742.11115605,4.96951187e-08
249,300,1763.92134426,1.47474462e-08
250,300,1762.56410340,3.18378627e-08
251,17,1767.52090290,5.41274567e-09
252,159,1758.81200364,9.23639404e-09
253,77,1776.93005694,5.14635425e-09
254,300,1775.21091279,1.79403890e-08
255,81,1802.67925796,7.31080873e-09
256,67,1790.76019866,8.75803169e-09
257,55,1811.15997201,8.41772025e-09
258,19,1810.62197316,8.62919800e-09
259,57,1829.93196987,6.64736764e-09
260,73,1818.78702949,5.20766916e-09
261,27,1835.60339227,6.45668574e-09
262,71,1832.83847165,3.58718083e-09
263,67,1858.25022667,5.97891494e-09
264,167,1847.04706034,5.44036448e-09
265,206,1866.88793691,6.17242645e-09
266,300,1867.41923905,8.48085795e-07
267,300,1892.00373787,1.11971013e-08
268,263,1894.50899919,2.71774418e-09
269,300,1893.08851767,1.78451995e-08
270,300,1889.93858824,2.01615890e-08
271,33,1915.31866304,3.73217595e-09
272,67,1900.66925488,3.83713277e-09
273,39,1922.81368649,6.01164908e-09
274,189,1917.17932109,3.35871674e-09
275,201,1942.48232770,6.93080680e-09
276,263,1921.42601880,4.57823589e-09
277,300,1939.82459404,2.33021887e-08
278,300,1933.55352837,3.74934852e-08
279,95,1956.09133740,2.71201605e-09
280,227,1933.65720250,1.06902564e-09
281,300,1951.47127297,2.64641723e-07
282,35,1939.92347074,3.85196533e-09
283,115,1957.68910300,4.61436801e-09
284,300,1919.47283705,2.88720883e-08
285,189,1943.20224965,4.24832140e-09
286,101,1929.77268967,3.47045597e-09
287,19,1957.25475853,9.26099904e-09
288,300,1926.75071144,1.24866814e-07
289,300,1946.45882752,1.43374755e-07
290,300,1934.09449108,1.85987646e-07
291,10,1959.29850276,1.99537638e-09
292,300,1927.10223371,2.26584873e-07
293,288,1939.94028881,1.29673659e-09
294,134,1928.62501781,1.56721630e-09
295,119,1952.88321904,7.35030684e-09
296,115,1923.49067194,3.23822866e-09
297,300,1939.37276850,1.24533795e-07
298,197,1936.23653147,6.05792331e-09
299,77,1953.31344013,3.82783901e-09
300,139,1916.92926057,4.88012706e-09
301,109,1950.05819390,5.33431219e-09
302,300,1941.46079530,1.80925208e-08
303,300,1972.25013253,1.23035075e-08
304,300,1939.18060906,3.39456304e-08
305,99,1964.83580924,6.53855416e-09
306,289,1957.89500684,6.49639398e-09
307,223,1988.54948589,5.33325615e-09
308,61,1967.59252167,6.89951689e-09
309,157,1987.80954825,5.91244192e-09
310,93,1980.39815211,6.20516310e-09
311,177,2011.99896149,3.54021798e-09
312,23,1984.12295986,4.57520209e-09
313,300,2003.73794617,1.65624956e-08
314,9,2000.43687163,4.92302119e-09
315,9,2030.61266131,3.23480937e-09
316,300,1998.47986590,1.59498942e-05
317,77,2022.98375916,7.18019520e-09
318,171,2011.66251729,6.70229330e-09
319,32,2045.71094820,1.44867744e-09
320,191,2007.04175502,9.85555926e-09
321,300,2012.91008151,7.55501815e-05
322,300,2033.71573192,1.24648328e-07
323,42,2058.39110516,1.25976563e-09
324,37,2030.31874284,9.23950489e-09
325,15,2048.76806947,8.76804510e-09
326,21,2041.84882174,9.48619744e-09
327,300,2060.26421934,1.16854501e-07
328,300,2036.72567987,1.46784075e-07
329,300,2058.83142327,1.20894178e-07
330,67,2050.16650516,8.30891239e-09
331,300,2075.10556769,1.22609021e-07
332,190,2031.65461910,1.71162457e-09
333,300,2057.27488455,2.86353003e-07
334,299,2040.23010796,8.53206674e-09
335,175,2083.26041607,8.19505674e-09
336,9,2072.71053972,3.23740004e-09
337,85,2083.54181128,2.34175228e-09
338,9,2067.93976157,7.41001318e-09
339,87,2087.93316833,5.68557374e-09
340,23,2057.28786311,8.87929656e-09
341,300,2067.35765284,1.06136600e-07
342,52,2052.84418125,1.06830988e-09
343,300,2070.27390091,1.20664767e-07
344,14,2041.67411488,1.66178869e-09
345,136,2046.69487218,1.14101679e-09
346,10,2038.35737295,1.02584059e-09
347,300,2052.93390646,1.27624859e-07
348,300,2024.32800667,1.15010966e-07
349,300,2031.36011389,1.10737349e-07
350,37,2015.74932899,9.02438507e-09
351,157,2028.92587675,4.11533908e-09
352,22,1991.84588271,1.05103847e-09
353,300,1993.51669197,1.00632813e-07
354,135,1979.54237712,5.61461867e-09
355,9,1996.73863244,6.48880992e-09
356,45,1964.44235086,8.85371089e-09
357,300,1968.91574314,1.32688379e-07
358,9,1963.16735807,6.42774546e-09
359,11,1975.17867446,7.95855008e-09
